#modified by admin
#Wed Jul 28 15:12:06 CST 2021
avg.top20.sendsize=207442
avg.agent.pm=25647
avg.top20.restime=11.0852
avg.sendsize=24898
avg.cnt500=2
top20.reqtime=4.80526
top20.agent.ps=10978
avg.reqtime=0.34
top20.restime=4.80504
top20.robotnum.ps=624
top20.agent.pm=39292
avg.cnt404=100
avg.top20.ps=11517
avg.robotnum.ps=250
top20.sendsize=145913
avg.restime=0.32
avg.top20.pm=41917
avg.top20.reqtime=11.10081
avg.top20.robotnum.ps=667
avg.agent.ps=6412
top20.cnt404=144
